38.27940430925223
36.10149556400508
