356.26215462610895
